6404
3889
3754
1959
1816
1434
1277
1274
1238
1173
1110
1103
1037
997
926
922
864
839
833
806
747
610
578
578
578
576
569
565
564
556
533
526
522
516
500
498
497
492
492
492
490
485
478
473
472
472
470
470
462
456
453
453
452
451
450
448
448
443
440
439
438
438
435
433
433
432
432
432
432
432
429
426
425
423
423
423
422
418
413
408
404
403
402
401
398
386
384
384
383
381
381
378
378
377
374
372
372
372
371
370
362
360
347
346
344
341
339
324
313
312
304
297
274
272
264
264
254
254
254
253
252
238
220
219
218
215
215
209
199
199
193
192
186
182
180
176
171
165
164
162
152
144
141
137
137
136
134
134
129
125
113
110
98
89
88
83
80
75
69
64
62
60
59
59
54
51
51
48
47
44
44
43
36
33
33
32
30
30
30
29
29
28
27
26
25
25
23
20
20
20
19
19
19
17
15
15
14
14
14
14
12
12
12
12
11
10
10
10
7
7
7
7
7
5
5
5
5
5
5
5
5
4
4
3
3
2
2
2
1
0
0
0
0
0
0
0
0
0
0
0
0
0
0
0
0
0
0
0
0
0
0
0
0
0
0
