6404
3889
3754
1816
1434
1274
1238
1110
1103
1037
926
922
864
839
833
806
747
610
578
578
578
576
565
564
556
533
526
526
522
516
500
498
497
492
492
492
490
478
473
472
472
470
462
456
453
453
452
451
448
448
443
440
439
438
438
436
435
433
433
432
432
432
432
432
429
426
423
423
423
422
413
408
404
403
402
401
398
391
386
384
384
383
381
381
378
378
377
374
372
372
371
370
360
349
347
346
344
341
324
313
312
304
300
297
274
264
264
254
254
254
253
252
245
238
220
219
218
215
215
211
209
199
199
194
193
192
186
182
180
176
165
165
163
163
162
152
144
141
137
137
137
136
134
134
131
129
125
113
110
110
101
89
88
83
80
69
64
60
59
59
57
54
51
51
48
47
44
44
43
37
36
34
33
33
32
30
30
30
30
29
29
28
27
26
25
23
21
20
20
20
19
19
19
17
15
15
14
14
14
14
12
12
12
12
11
10
10
10
7
7
7
7
7
5
5
5
5
5
5
5
5
4
4
3
3
2
2
2
1
0
0
0
0
0
0
0
0
0
0
0
0
0
0
0
0
0
0
0
0
0
